1 0
2 1
3 2
4 9
5 7
6 7
7 7
8 22
9 9
10 11
11 13
12 20
13 16
14 38
15 20
16 34
17 22
18 53
19 46
20 36
21 34
22 53
23 43
24 26
25 54
26 54
27 43
28 38
29 59
30 54
31 58
32 74
33 54
34 66
35 88
36 67
37 114
38 103
39 179
40 83
41 75
42 96
43 80
44 101
45 103
46 77
47 62
48 82
49 89
50 79
51 199
52 108
53 96
54 219
55 98
56 85
57 136
58 126
59 179
60 120
61 109
62 144
63 221
64 217
65 156
66 153
67 128
68 119
69 183
70 187
71 133
72 210
73 156
74 191
75 252
76 167
77 205
78 198
79 173
80 199
81 201
82 191
83 202
84 315
85 175
86 164
87 220
88 303
89 346
90 214
91 233
92 209
93 224
94 170
95 199
96 280
97 250
98 237
99 261
100 334
101 237
102 255
103 273
104 268
105 270
106 343
107 247
108 265
109 244
110 263
111 323
112 296
113 332
114 310
115 230
116 231
117 312
118 231
119 448
120 368
121 322
122 643
123 313
124 399
125 269
126 343
127 342
128 287
129 349
130 388
131 383
132 280
133 386
134 479
135 283
136 261
137 515
138 367
139 887
140 332
141 476
142 312
143 396
144 473
145 292
146 456
147 541
148 496
149 407
150 501
151 405
152 330
153 591
154 432
155 385
156 307
157 385
158 338
159 330
160 356
161 573
162 446
163 391
164 452
165 321
166 364
167 455
168 407
169 501
170 354
171 382
172 487
173 491
174 344
175 704
176 931
177 361
178 454
179 438
180 531
181 577
182 669
183 539
184 523
185 470
186 544
187 513
188 643
189 451
190 842
191 604
192 509
193 514
194 441
195 466
196 474
197 882
198 587
199 411
200 781
201 482
202 531
203 675
204 518
205 507
206 573
207 582
208 722
209 686
210 698
211 867
212 427
213 587
214 574
215 534
216 611
217 743
218 703
219 460
220 505
221 461
222 622
223 1278
224 618
225 655
226 846
227 473
228 954
229 901
230 721
231 656
232 571
233 790
234 608
235 615
236 564
237 757
238 823
239 774
240 726
241 540
242 789
243 1000
244 709
245 597
246 735
247 774
248 701
249 679
250 604
251 626
252 772
253 1169
254 695
255 807
256 523
257 830
258 592
259 791
260 1086
261 756
262 868
263 834
264 913
265 908
266 731
267 1057
268 578
269 593
270 772
271 730
272 687
273 1135
274 807
275 767
276 771
277 663
278 1458
279 773
280 1421
281 734
282 819
283 793
284 1128
285 1121
286 1355
287 744
288 682
289 1236
290 923
291 893
292 825
293 898
294 773
295 809
296 897
297 1116
298 984
299 756
300 1048
301 1163
302 873
303 663
304 1054
305 1187
306 1010
307 871
308 660
309 1169
310 1172
311 1177
312 889
313 1115
314 875
315 951
316 966
317 913
318 1126
319 870
320 962
321 920
322 1016
323 979
324 875
325 929
326 1017
327 1142
328 1106
329 883
330 1708
331 1253
332 1376
333 926
334 997
335 1010
336 996
337 992
338 875
339 1034
340 1296
341 1292
342 1139
343 1164
344 1420
345 1120
346 1115
347 1101
348 901
349 1035
350 1064
351 1120
352 1213
353 1035
354 1210
355 1121
356 1394
357 1323
358 778
359 1132
360 1076
361 1201
362 1315
363 1051
364 1560
365 858
366 1353
367 1430
368 1514
369 1141
370 1167
371 1040
372 1331
373 1000
374 1620
375 1198
376 1133
377 1283
378 1110
379 1154
380 1027
381 1739
382 1721
383 1047
384 1214
385 1589
386 1489
387 1544
388 1381
389 1152
390 997
391 1117
392 1169
393 1267
394 1090
395 1369
396 1184
397 1147
398 1332
399 1216
400 1307
401 1104
402 1107
403 1448
404 1240
405 1480
406 985
407 1920
408 1768
409 1286
410 1152
411 1298
412 1159
413 1324
414 1387
415 1067
416 1398
417 1932
418 997
419 1296
420 1547
421 1294
422 1109
423 1203
424 1650
425 1558
426 1637
427 1425
428 1361
429 1299
430 1747
431 1274
432 1726
433 1471
434 1530
435 1253
436 1411
437 1268
438 1193
439 1560
440 1346
441 1573
442 1120
443 1865
444 1173
445 1347
446 1239
447 1673
448 1549
449 1461
450 1349
451 1062
452 1789
453 1305
454 1667
455 1586
456 1281
457 1575
458 1678
459 1370
460 1584
461 1314
462 1351
463 1755
464 1656
465 2857
466 1189
467 1431
468 1394
469 1513
470 1776
471 1293
472 1995
473 1728
474 1189
475 2381
476 1494
477 1835
478 2053
479 1473
480 1505
481 1788
482 1609
483 1774
484 1387
485 1785
486 1462
487 1605
488 1667
489 2054
490 1490
491 1500
492 1586
493 2890
494 1524
495 1785
496 1399
497 1711
498 1605
499 1392
500 2605
501 1896
502 1819
503 1403
504 1925
505 2008
506 1430
507 1389
508 1622
509 1724
510 1588
511 1677
512 1644
513 1605
514 1503
515 2014
516 1983
517 1608
518 1445
519 1910
520 1625
521 1616
522 2074
523 1483
524 1509
525 1417
526 1599
527 2142
528 3349
529 1550
530 2002
531 1585
532 1748
533 1840
534 1483
535 1851
536 2146
537 1929
538 1786
539 1786
540 1896
541 2257
542 1546
543 2392
544 1267
545 2056
546 1203
547 2072
548 1583
549 2394
550 2449
551 2146
552 2087
553 1470
554 1818
555 1650
556 1393
557 1468
558 1714
559 1743
560 1735
561 1572
562 1594
563 2204
564 2290
565 2069
566 1702
567 1470
568 2042
569 1852
570 1509
571 2064
572 1919
573 1399
574 2336
575 1836
576 1873
577 2793
578 1554
579 1804
580 1649
581 1595
582 2391
583 1514
584 1799
585 1950
586 2787
587 2133
588 1952
589 2496
590 1501
591 2046
592 2019
593 2311
594 2189
595 1888
596 2488
597 2088
598 1709
599 2320
600 1702
601 1851
602 1603
603 1920
604 1920
605 1984
606 2526
607 1576
608 2732
609 3146
610 2611
611 2251
612 1623
613 2078
614 1935
615 1801
616 2494
617 1767
618 1762
619 2608
620 2004
621 2456
622 1922
623 2001
624 2254
625 2527
626 2051
627 2200
628 1814
629 2222
630 2574
631 2016
632 1900
633 2735
634 1831
635 1730
636 2172
637 2603
638 2364
639 2297
640 2090
641 1829
642 2120
643 2641
644 2399
645 2605
646 2320
647 2256
648 1655
649 2799
650 1780
651 1868
652 2018
653 2456
654 2386
655 2476
656 2135
657 1965
658 2519
659 2100
660 2450
661 2026
662 2031
663 1624
664 2699
665 2625
666 2547
667 2167
668 2415
669 2526
670 2165
671 2302
672 2123
673 1954
674 1910
675 2116
676 1807
677 2947
678 2845
679 2812
680 2385
681 2769
682 2245
683 2734
684 2371
685 2286
686 2045
687 2154
688 2022
689 2726
690 2458
691 2322
692 2491
693 2538
694 2176
695 2783
696 2609
697 2358
698 1882
699 2277
700 2549
701 2207
702 2903
703 2497
704 2077
705 2114
706 2682
707 2801
708 2058
709 2699
710 2629
711 2769
712 3492
713 3741
714 2224
715 4836
716 3347
717 2539
718 2701
719 2207
720 3337
721 2807
722 1985
723 2084
724 3319
725 2405
726 2761
727 3678
728 2855
729 2241
730 2325
731 2185
732 2745
733 2561
734 3070
735 2471
736 2203
737 2348
738 2466
739 2826
740 2134
741 2072
742 2362
743 3051
744 2584
745 2302
746 2568
747 2190
748 2614
749 3647
750 2970
751 2518
752 2662
753 2433
754 2556
755 2496
756 2619
757 2304
758 2319
759 2530
760 3043
761 2295
762 2394
763 2399
764 3365
765 2897
766 3129
767 3505
768 3137
769 2427
770 3026
771 1943
772 2885
773 2916
774 2390
775 3708
776 2678
777 3330
778 2310
779 2350
780 3165
781 2406
782 3493
783 3716
784 2336
785 2497
786 2500
787 3184
788 4831
789 2728
790 3114
791 2619
792 3268
793 3314
794 3940
795 2728
796 2557
797 2715
798 2438
799 2664
800 3224
801 2785
802 3139
803 2484
804 2678
805 2813
806 2597
807 2562
808 2409
809 2850
810 3038
811 2733
812 4701
813 3388
814 2798
815 2939
816 3482
817 3597
818 2602
819 2260
820 2872
821 2686
822 2855
823 3396
824 2622
825 2500
826 2996
827 3363
828 2805
829 3603
830 2599
831 2543
832 2740
833 5063
834 2617
835 2822
836 2711
837 2542
838 2940
839 2945
840 3505
841 3103
842 2368
843 2774
844 3422
845 3193
846 2422
847 4196
848 2920
849 3310
850 2541
851 3531
852 4046
853 3342
854 3679
855 2896
856 2945
857 2540
858 2808
859 2579
860 3115
861 2849
862 3735
863 2770
864 4021
865 3376
866 3184
867 3360
868 3808
869 2812
870 3467
871 3383
872 3443
873 2997
874 2798
875 3173
876 4041
877 2579
878 4255
879 3496
880 3287
881 3011
882 3373
883 3945
884 3386
885 2943
886 2969
887 3372
888 3674
889 3630
890 3389
891 4301
892 3234
893 3535
894 3032
895 3178
896 4040
897 3716
898 3890
899 3762
900 2860
901 3766
902 4128
903 3324
904 2919
905 3138
906 3116
907 3740
908 2855
909 2807
910 3804
911 3223
912 2711
913 2841
914 2677
915 3872
916 2689
917 3980
918 3821
919 3776
920 3065
921 2922
922 2885
923 2500
924 3771
925 4171
926 3462
927 3162
928 3289
929 5038
930 3658
931 3311
932 3573
933 3261
934 3215
935 3858
936 3109
937 3474
938 3857
939 2920
940 3388
941 3414
942 3028
943 4030
944 3576
945 3585
946 3381
947 3434
948 2998
949 2883
950 3204
951 3182
952 3772
953 3508
954 3778
955 2951
956 3436
957 2903
958 4014
959 2975
960 3214
961 3439
962 3384
963 3342
964 3267
965 3539
966 3539
967 3530
968 2923
969 3438
970 3738
971 2917
972 3494
973 2863
974 4236
975 3630
976 6082
977 3871
978 2909
979 2880
980 3334
981 3458
982 5027
983 3084
984 4234
985 3236
986 3357
987 4046
988 3871
989 2706
990 3507
991 4295
992 3677
993 4129
994 4360
995 4466
996 3539
997 3531
998 3363
999 3576
1000 3473
1001 5506
1002 3312
1003 3196
1004 4094
1005 4590
1006 3195
1007 3006
1008 3266
1009 2890
1010 4724
1011 4018
1012 3962
1013 3147
1014 3935
1015 3741
1016 5705
1017 5291
1018 4189
1019 4295
1020 3626
1021 4703
1022 3677
1023 3605
1024 3240
1025 3294
1026 3583
1027 3824
1028 3122
1029 3667
1030 4209
1031 4066
1032 4141
1033 3970
1034 3313
1035 3481
1036 3888
1037 3800
1038 4797
1039 3954
1040 3220
1041 3101
1042 3881
1043 3634
1044 4164
1045 3853
1046 4899
1047 3581
1048 3198
1049 4988
1050 4659
1051 3929
1052 3301
1053 3427
1054 3722
1055 3579
1056 4196
1057 4138
1058 4238
1059 4824
1060 5015
1061 4052
1062 3527
1063 4021
1064 5189
1065 4572
1066 4375
1067 3250
1068 3505
1069 3293
1070 3876
1071 4771
1072 3903
1073 3545
1074 3560
1075 3890
1076 2999
1077 4756
1078 3447
1079 3085
1080 3226
1081 3832
1082 3301
1083 3509
1084 4180
1085 3849
1086 4771
1087 5027
1088 5475
1089 3480
1090 4695
1091 3595
1092 4855
1093 3942
1094 4118
1095 3363
1096 3870
1097 4018
1098 3560
1099 4596
1100 5116
1101 5641
1102 4085
1103 3784
1104 3301
1105 5783
1106 3907
1107 3941
1108 5026
1109 3959
1110 4489
1111 5953
1112 4620
1113 4174
1114 4555
1115 4755
1116 5171
1117 3510
1118 4922
1119 4022
1120 3668
1121 4411
1122 4404
1123 4368
1124 3485
1125 3518
1126 3500
1127 5288
1128 3836
1129 4847
1130 4697
1131 5236
1132 7314
1133 4444
1134 4298
1135 3732
1136 4786
1137 3866
1138 3701
1139 4826
1140 4364
1141 4052
1142 4273
1143 5615
1144 4048
1145 3898
1146 4808
1147 3997
1148 3751
1149 4962
1150 5227
1151 3501
1152 7017
1153 5450
1154 3924
1155 4279
1156 4872
1157 5101
1158 4030
1159 3996
1160 4987
1161 5159
1162 4892
1163 6349
1164 4467
1165 4467
1166 3955
1167 6366
1168 4205
1169 3641
1170 3457
1171 5633
1172 3737
1173 4332
1174 4709
1175 10702
1176 4601
1177 4217
1178 4459
1179 5144
1180 3397
1181 4032
1182 4395
1183 4267
1184 6439
1185 4274
1186 4543
1187 3762
1188 4158
1189 3589
1190 4204
1191 4068
1192 4254
1193 4241
1194 5202
1195 4023
1196 4610
1197 3559
1198 6856
1199 4845
1200 3812
1201 4438
1202 3655
1203 3799
1204 4687
1205 5942
1206 4525
1207 4343
1208 4669
1209 5934
1210 4521
1211 4116
1212 3782
1213 4490
1214 6287
1215 5800
1216 4745
1217 4200
1218 3876
1219 3949
1220 4108
1221 7205
1222 4454
1223 4166
1224 5795
1225 4809
1226 3847
1227 5269
1228 3111
1229 4321
1230 4565
1231 3668
1232 5507
1233 3878
1234 5799
1235 4897
1236 4215
1237 4980
1238 4829
1239 4051
1240 5000
1241 3303
1242 3473
1243 3716
1244 4470
1245 4741
1246 5470
1247 3860
1248 5093
1249 3914
1250 4553
1251 5778
1252 4741
1253 3973
1254 4856
1255 4216
1256 4009
1257 6012
1258 4688
1259 4571
1260 4747
1261 5098
1262 4201
1263 5767
1264 5003
1265 4074
1266 4484
1267 5693
1268 4621
1269 4642
1270 4302
1271 5726
1272 4874
1273 3974
1274 4415
1275 4449
1276 6658
1277 4614
1278 5086
1279 8075
1280 4791
1281 4881
1282 4014
1283 4627
1284 4934
1285 4945
1286 4529
1287 5742
1288 5365
1289 5719
1290 6661
1291 6828
1292 5059
1293 5181
1294 6085
1295 6273
1296 5229
1297 5225
1298 5421
1299 4919
1300 4748
1301 4629
1302 3973
1303 5041
1304 6150
1305 5400
1306 6230
1307 4606
1308 4466
1309 5316
1310 7086
1311 4355
1312 7633
1313 4258
1314 4211
1315 5864
1316 5221
1317 6171
1318 4813
1319 4840
1320 7414
1321 4973
1322 6564
1323 4160
1324 5488
1325 5540
1326 4674
1327 4897
1328 5695
1329 4981
1330 3822
1331 4451
1332 5877
1333 4574
1334 4602
1335 5196
1336 5093
1337 5432
1338 4496
1339 5767
1340 5997
1341 4932
1342 4523
1343 3955
1344 5142
1345 5637
1346 4903
1347 6179
1348 4986
1349 3907
1350 8033
1351 5914
1352 5552
1353 5851
1354 4663
1355 5168
1356 6457
1357 4710
1358 5269
1359 5600
1360 5819
1361 5944
1362 4297
1363 4871
1364 4159
1365 4752
1366 7029
1367 6799
1368 6277
1369 4555
1370 8769
1371 5525
1372 7332
1373 5843
1374 5176
1375 4826
1376 6114
1377 4783
1378 4409
1379 5509
1380 6093
1381 4904
1382 7117
1383 4926
1384 4362
1385 5962
1386 8817
1387 5487
1388 6603
1389 4258
1390 5406
1391 4904
1392 4523
1393 5910
1394 4769
1395 4239
1396 5001
1397 5243
1398 4600
1399 5113
1400 4509
1401 5418
1402 7411
1403 5475
1404 7251
1405 4997
1406 5764
1407 4356
1408 8021
1409 4820
1410 6773
1411 5596
1412 5610
1413 5449
1414 6377
1415 5822
1416 7052
1417 5625
1418 6601
1419 5615
1420 5161
1421 7276
1422 5291
1423 5485
1424 4962
1425 5388
1426 4965
1427 6494
1428 5019
1429 6500
1430 5527
1431 4764
1432 5578
1433 6169
1434 4221
1435 4946
1436 4666
1437 6483
1438 4863
1439 5409
1440 6797
1441 6173
1442 6789
1443 5619
1444 5854
1445 5115
1446 5582
1447 8316
1448 6202
1449 5356
1450 5652
1451 4671
1452 5972
1453 4797
1454 6708
1455 6473
1456 5190
1457 6333
1458 5089
1459 4597
1460 6688
1461 6162
1462 5967
1463 4852
1464 6940
1465 4908
1466 5018
1467 5216
1468 5750
1469 5391
1470 5233
1471 6168
1472 5527
1473 6369
1474 5867
1475 5719
1476 6188
1477 6727
1478 5894
1479 5500
1480 5005
1481 6225
1482 4892
1483 5559
1484 5271
1485 5789
1486 6557
1487 5254
1488 5816
1489 6557
1490 6789
1491 5000
1492 8401
1493 6065
1494 4955
1495 5740
1496 5478
1497 5293
1498 5617
1499 6186
1500 5997
1501 5907
1502 5460
1503 7423
1504 4703
1505 5311
1506 6399
1507 4862
1508 5601
1509 6252
1510 5881
1511 5413
1512 6951
1513 7236
1514 7935
1515 8275
1516 6925
1517 5807
1518 6001
1519 5043
1520 8058
1521 5513
1522 5440
1523 6716
1524 6897
1525 5622
1526 6218
1527 5318
1528 5650
1529 6367
1530 5294
1531 6130
1532 7373
1533 6033
1534 7448
1535 5183
1536 5875
1537 4496
1538 5481
1539 5962
1540 7307
1541 5637
1542 5577
1543 5715
1544 7205
1545 5170
1546 5943
1547 5801
1548 6049
1549 6677
1550 5817
1551 6596
1552 6265
1553 6050
1554 6727
1555 6634
1556 7687
1557 6152
1558 5076
1559 7568
1560 6876
1561 5711
1562 6393
1563 7822
1564 5187
1565 6462
1566 5512
1567 5953
1568 6223
1569 7974
1570 5241
1571 5497
1572 5311
1573 5082
1574 5152
1575 5473
1576 5998
1577 5339
1578 6005
1579 5967
1580 5579
1581 9558
1582 6857
1583 5643
1584 8444
1585 4468
1586 5637
1587 6213
1588 5534
1589 6111
1590 6345
1591 5693
1592 6824
1593 6153
1594 4977
1595 5751
1596 8758
1597 4698
1598 5367
1599 5865
1600 6409
1601 6626
1602 7669
1603 8043
1604 4801
1605 6037
1606 9381
1607 7158
1608 6972
1609 6585
1610 5253
1611 6134
1612 7150
1613 6708
1614 4902
1615 7481
1616 6630
1617 5807
1618 6560
1619 6790
1620 5540
1621 7070
1622 5721
1623 6902
1624 7481
1625 6685
1626 6221
1627 5291
1628 11448
1629 5464
1630 6607
1631 4689
1632 5934
1633 5127
1634 6605
1635 7194
1636 7019
1637 5818
1638 6296
1639 6356
1640 7880
1641 7075
1642 6760
1643 6137
1644 7615
1645 7759
1646 6481
1647 9214
1648 7934
1649 5867
1650 7073
1651 6710
1652 5850
1653 6503
1654 7590
1655 7305
1656 5868
1657 9414
1658 5873
1659 7185
1660 7321
1661 9392
1662 6333
1663 6012
1664 5263
1665 8754
1666 6334
1667 7233
1668 8193
1669 7175
1670 6367
1671 7444
1672 5733
1673 7535
1674 5704
1675 6751
1676 5045
1677 5571
1678 5026
1679 6184
1680 6826
1681 6982
1682 8290
1683 7345
1684 8327
1685 8567
1686 7002
1687 7798
1688 6165
1689 6897
1690 7057
1691 5823
1692 6870
1693 6116
1694 5804
1695 7949
1696 7188
1697 6107
1698 6965
1699 8662
1700 6202
1701 5463
1702 6884
1703 4755
1704 7007
1705 7488
1706 6043
1707 6636
1708 7369
1709 8517
1710 7125
1711 6317
1712 5545
1713 6746
1714 6774
1715 7715
1716 6708
1717 8914
1718 7301
1719 8111
1720 7140
1721 5625
1722 7699
1723 5572
1724 7255
1725 6474
1726 5692
1727 6990
1728 7087
1729 8053
1730 6021
1731 5181
1732 5845
1733 5941
1734 7458
1735 6194
1736 6741
1737 6261
1738 5803
1739 6994
1740 6718
1741 9840
1742 5588
1743 7485
1744 6920
1745 8015
1746 8207
1747 5766
1748 8964
1749 9058
1750 7242
1751 6745
1752 9908
1753 6241
1754 6912
1755 10185
1756 6265
1757 7582
1758 6505
1759 6428
1760 6790
1761 7040
1762 5603
1763 7008
1764 6667
1765 6667
1766 7312
1767 6678
1768 7509
1769 6323
1770 6962
1771 6769
1772 8128
1773 6808
1774 7646
1775 8220
1776 7741
1777 7282
1778 5532
1779 5171
1780 7353
1781 8001
1782 6094
1783 6194
1784 6872
1785 5482
1786 9653
1787 7681
1788 8098
1789 8066
1790 6543
1791 6526
1792 6204
1793 6371
1794 6203
1795 8321
1796 6614
1797 8127
1798 8815
1799 7249
1800 6859
1801 8159
1802 5931
1803 8694
1804 6491
1805 7506
1806 7535
1807 6815
1808 8928
1809 6998
1810 6631
1811 6711
1812 7048
1813 6779
1814 10487
1815 8535
1816 6987
1817 8115
1818 6324
1819 6753
1820 8706
1821 5621
1822 8655
1823 7405
1824 8491
1825 6561
1826 6404
1827 6316
1828 6670
1829 7070
1830 7308
1831 6872
1832 7271
1833 5153
1834 5797
1835 6432
1836 9721
1837 6686
1838 8300
1839 5211
1840 9039
1841 6914
1842 7474
1843 9153
1844 9600
1845 6763
1846 6182
1847 8923
1848 6535
1849 6187
1850 7063
1851 6668
1852 10194
1853 6462
1854 6714
1855 6247
1856 8179
1857 7028
1858 7888
1859 6031
1860 6443
1861 8299
1862 10046
1863 7600
1864 7229
1865 7178
1866 9211
1867 7533
1868 7525
1869 7859
1870 6706
1871 7865
1872 6449
1873 6234
1874 6585
1875 6813
1876 7313
1877 8199
1878 7209
1879 6880
1880 11893
1881 5523
1882 7008
1883 8132
1884 7302
1885 9684
1886 9636
1887 7668
1888 7717
1889 6679
1890 5761
1891 8014
1892 5814
1893 7822
1894 6996
1895 6453
1896 8664
1897 6908
1898 9005
1899 6873
1900 6425
1901 8823
1902 6843
1903 6037
1904 8092
1905 6827
1906 8801
1907 8381
1908 7783
1909 7099
1910 9668
1911 9614
1912 10346
1913 7121
1914 6254
1915 7563
1916 8471
1917 9051
1918 6260
1919 7094
1920 6787
1921 7655
1922 6457
1923 7363
1924 10257
1925 8458
1926 8128
1927 6654
1928 11715
1929 6360
1930 6791
1931 12563
1932 8168
1933 6359
1934 8447
1935 8213
1936 9004
1937 6906
1938 6913
1939 6728
1940 7930
1941 7340
1942 7840
1943 8471
1944 7599
1945 7300
1946 8016
1947 7344
1948 8259
1949 7609
1950 9119
1951 7344
1952 9008
1953 9940
1954 7381
1955 7967
1956 6128
1957 7237
1958 6523
1959 7367
1960 7218
1961 6686
1962 10137
1963 7412
1964 8475
1965 6655
1966 6973
1967 8050
1968 6111
1969 8049
1970 7429
1971 7285
1972 7015
1973 6527
1974 8973
1975 9668
1976 8535
1977 7231
1978 6622
1979 8629
1980 7132
1981 9085
1982 9847
1983 8324
1984 9347
1985 7260
1986 7409
1987 9243
1988 6836
1989 7234
1990 7064
1991 7261
1992 10765
1993 7101
1994 7203
1995 8029
1996 7227
1997 8014
1998 8146
1999 8913
2000 8023
2001 7139
2002 6371
2003 7509
2004 6519
2005 8041
2006 7817
2007 8571
2008 7395
2009 7464
2010 6444
2011 7767
2012 8427
2013 9840
2014 9508
2015 6698
2016 8529
2017 8460
2018 12841
2019 10537
2020 8546
2021 6324
2022 9836
2023 6969
2024 10488
2025 6564
2026 8884
2027 7377
2028 10135
2029 7931
2030 6615
2031 7789
2032 11453
2033 8468
2034 8036
2035 7857
2036 8162
2037 9130
2038 7758
2039 9805
2040 9751
2041 9763
2042 5694
2043 6522
2044 8117
2045 9400
2046 8464
2047 6115
2048 7764
2049 9646
2050 10626
2051 9179
2052 8659
2053 6965
2054 8404
2055 7130
2056 13428
2057 8338
2058 7827
2059 7420
2060 9848
2061 8408
2062 6816
2063 8788
2064 9766
2065 8353
2066 8110
2067 7518
2068 8343
2069 10147
2070 8453
2071 8702
2072 9496
2073 7756
2074 8855
2075 8996
2076 7074
2077 7436
2078 7426
2079 7992
2080 7762
2081 7671
2082 7683
2083 7050
2084 12108
2085 7013
2086 8970
2087 9489
2088 7316
2089 7158
2090 8630
2091 10180
2092 9884
2093 9578
2094 8599
2095 8419
2096 6835
2097 8961
2098 9364
2099 8081
2100 9133
2101 9225
2102 7414
2103 9295
2104 8603
2105 9188
2106 7024
2107 8567
2108 7245
2109 12651
2110 8350
2111 8431
2112 9602
2113 8850
2114 7223
2115 7081
2116 9253
2117 7928
2118 9353
2119 8611
2120 7738
2121 7977
2122 8574
2123 8455
2124 6767
2125 9516
2126 8464
2127 10142
2128 7372
2129 7528
2130 9633
2131 9939
2132 8194
2133 8204
2134 7422
2135 10087
2136 9291
2137 7954
2138 8405
2139 10870
2140 7877
2141 7026
2142 6649
2143 12524
2144 7844
2145 8437
2146 8326
2147 9089
2148 10111
2149 7515
2150 8920
2151 7073
2152 8720
2153 8551
2154 9562
2155 7553
2156 9198
2157 12719
2158 8860
2159 10267
2160 9102
2161 11069
2162 8181
2163 9828
2164 8516
2165 8899
2166 8652
2167 11929
2168 7892
2169 8190
2170 9196
2171 12585
2172 8611
2173 8165
2174 7605
2175 11427
2176 9662
2177 7622
2178 9843
2179 8303
2180 8725
2181 8059
2182 8541
2183 8594
2184 11514
2185 9475
2186 7915
2187 7804
2188 7561
2189 8229
2190 8533
2191 10713
2192 8741
2193 8186
2194 10441
2195 9766
2196 7994
2197 7302
2198 7254
2199 9182
2200 10419
2201 9316
2202 8218
2203 8451
2204 8954
2205 9778
2206 9235
2207 7651
2208 8297
2209 8800
2210 8888
2211 7072
2212 8926
2213 7982
2214 7717
2215 8680
2216 8264
2217 7656
2218 7902
2219 9565
2220 7525
2221 9607
2222 8474
2223 10116
2224 8893
2225 7142
2226 7350
2227 9395
2228 8383
2229 10667
2230 10636
2231 9833
2232 9326
2233 9397
2234 9319
2235 7886
2236 10557
2237 8921
2238 10723
2239 7690
2240 10200
2241 7989
2242 8366
2243 7996
2244 13509
2245 9104
2246 12106
2247 10301
2248 9538
2249 8342
2250 9791
2251 8281
2252 7223
2253 12972
2254 11723
2255 8580
2256 8916
2257 7908
2258 8474
2259 12440
2260 7966
2261 8791
2262 8828
2263 9305
2264 9881
2265 8326
2266 8979
2267 7993
2268 8309
2269 9761
2270 13698
2271 8542
2272 13214
2273 11115
2274 8532
2275 9991
2276 7419
2277 8952
2278 10064
2279 8110
2280 9119
2281 11283
2282 8105
2283 10503
2284 8587
2285 10607
2286 9497
2287 9553
2288 7934
2289 7936
2290 7809
2291 10750
2292 8377
2293 9344
2294 6990
2295 9950
2296 8308
2297 7620
2298 9867
2299 9114
2300 8970
2301 9646
2302 9064
2303 11668
2304 7997
2305 11250
2306 11289
2307 7834
2308 8820
2309 10855
2310 8112
2311 9832
2312 9866
2313 8631
2314 8701
2315 8073
2316 9174
2317 11316
2318 8526
2319 8807
2320 8688
2321 8866
2322 9433
2323 10879
2324 10427
2325 11037
2326 10229
2327 9394
2328 9754
2329 8924
2330 8293
2331 8989
2332 10205
2333 8547
2334 9652
2335 11246
2336 10658
2337 8597
2338 9035
2339 7847
2340 8082
2341 8205
2342 11931
2343 7921
2344 8696
2345 7867
2346 9832
2347 10452
2348 10854
2349 9267
2350 11166
2351 10248
2352 9521
2353 8960
2354 11109
2355 9357
2356 8213
2357 11194
2358 8973
2359 9080
2360 9609
2361 9868
2362 11789
2363 8983
2364 10293
2365 10914
2366 16629
2367 8341
2368 9079
2369 15982
2370 8752
2371 7933
2372 9593
2373 8314
2374 10073
2375 11592
2376 12846
2377 7562
2378 12647
2379 11152
2380 10049
2381 10591
2382 11511
2383 9039
2384 9571
2385 10170
2386 10654
2387 10363
2388 9921
2389 11188
2390 13918
2391 9160
2392 9458
2393 13754
2394 13426
2395 9784
2396 10927
2397 9059
2398 12898
2399 8278
2400 9781
2401 15126
2402 11319
2403 8978
2404 11378
2405 10394
2406 13129
2407 10738
2408 9788
2409 11070
2410 11754
2411 11273
2412 10279
2413 11538
2414 12895
2415 8602
2416 9958
2417 11621
2418 11385
2419 12405
2420 11291
2421 9963
2422 9823
2423 9409
2424 10112
2425 12598
2426 11566
2427 10900
2428 10195
2429 11922
2430 9863
2431 10252
2432 10213
2433 9833
2434 12004
2435 9042
2436 10396
2437 9900
2438 10962
2439 8405
2440 10987
2441 11050
2442 8273
2443 9330
2444 8707
2445 11726
2446 11481
2447 11124
2448 8926
2449 9024
2450 8998
2451 9420
2452 8873
2453 10067
2454 11009
2455 8561
2456 8833
2457 8695
2458 11876
2459 11142
2460 10563
2461 10934
2462 9610
2463 11221
2464 10432
2465 7878
2466 12475
2467 9111
2468 9829
2469 9113
2470 9458
2471 8964
2472 9749
2473 9420
2474 10053
2475 9685
2476 9039
2477 12886
2478 10652
2479 11161
2480 9323
2481 9862
2482 9682
2483 10347
2484 8837
2485 11553
2486 8088
2487 8756
2488 10635
2489 8691
2490 9057
2491 9628
2492 8608
2493 12577
2494 10764
2495 14196
2496 10847
2497 9658
2498 10311
2499 8521
2500 14300
2501 8390
2502 8589
2503 8637
2504 13668
2505 8484
2506 9495
2507 11570
2508 10332
2509 10403
2510 9227
2511 10553
2512 9036
2513 12955
2514 8978
2515 11578
2516 13176
2517 11497
2518 11437
2519 13214
2520 10717
2521 12043
2522 8935
2523 10786
2524 10728
2525 10454
2526 10360
2527 11188
2528 12726
2529 11728
2530 12054
2531 13060
2532 12028
2533 8491
2534 9996
2535 9453
2536 9290
2537 10909
2538 10474
2539 10034
2540 10469
2541 12486
2542 9835
2543 9261
2544 9502
2545 9363
2546 8974
2547 11382
2548 12639
2549 9637
2550 10612
2551 9206
2552 10367
2553 10994
2554 10784
2555 11254
2556 11453
2557 9034
2558 10002
2559 11298
2560 8369
2561 14076
2562 10084
2563 9983
2564 11304
2565 10345
2566 9229
2567 11238
2568 10452
2569 11791
2570 10216
2571 10336
2572 11946
2573 10826
2574 10858
2575 12047
2576 11477
2577 12256
2578 13039
2579 9615
2580 15822
2581 11432
2582 12111
2583 10845
2584 12231
2585 11432
2586 14019
2587 8016
2588 10991
2589 12434
2590 11262
2591 9323
2592 10438
2593 12045
2594 9946
2595 9845
2596 11374
2597 11120
2598 11010
2599 10838
2600 10381
2601 10577
2602 11121
2603 11009
2604 13131
2605 11340
2606 10041
2607 10914
2608 8832
2609 10910
2610 9753
2611 9068
2612 9181
2613 10987
2614 9330
2615 11358
2616 10101
2617 10172
2618 13504
2619 11593
2620 13105
2621 10863
2622 11609
2623 12781
2624 13212
2625 12879
2626 11174
2627 11031
2628 11337
2629 9871
2630 8881
2631 13702
2632 10013
2633 10528
2634 11625
2635 13638
2636 11472
2637 11652
2638 9802
2639 13291
2640 11087
2641 8625
2642 9188
2643 8903
2644 11298
2645 10156
2646 10234
2647 9818
2648 11717
2649 9132
2650 10243
2651 11253
2652 17093
2653 10154
2654 10071
2655 11011
2656 8465
2657 11524
2658 10165
2659 10721
2660 10932
2661 11254
2662 8674
2663 10445
2664 9103
2665 9421
2666 13121
2667 9468
2668 11464
2669 10220
2670 10416
2671 10118
2672 10785
2673 10525
2674 12309
2675 13396
2676 9889
2677 10061
2678 13216
2679 12226
2680 13891
2681 11089
2682 11092
2683 11486
2684 9369
2685 11511
2686 11099
2687 15006
2688 13602
2689 13653
2690 13480
2691 10837
2692 15408
2693 9996
2694 9144
2695 11067
2696 11678
2697 10071
2698 11343
2699 10518
2700 11289
2701 12143
2702 10531
2703 12126
2704 10218
2705 12034
2706 9858
2707 10752
2708 10504
2709 16552
2710 12351
2711 10152
2712 9795
2713 11815
2714 9738
2715 9521
2716 14498
2717 8890
2718 10811
2719 9999
2720 11819
2721 10412
2722 9224
2723 17125
2724 10267
2725 11905
2726 14432
2727 9531
2728 17276
2729 10835
2730 14301
2731 9610
2732 10247
2733 11933
2734 11323
2735 9520
2736 11584
2737 11744
2738 12624
2739 11787
2740 15202
2741 16116
2742 13543
2743 10646
2744 9059
2745 10116
2746 11285
2747 9983
2748 11290
2749 11436
2750 9594
2751 11510
2752 11152
2753 11543
2754 11590
2755 11763
2756 10198
2757 12227
2758 10539
2759 9750
2760 12899
2761 12554
2762 12313
2763 9213
2764 10951
2765 12029
2766 11307
2767 12698
2768 12417
2769 9485
2770 9494
2771 12977
2772 11441
2773 11566
2774 10774
2775 9861
2776 10354
2777 10026
2778 12969
2779 9997
2780 13389
2781 10987
2782 11276
2783 10104
2784 10963
2785 14025
2786 10540
2787 12420
2788 15563
2789 14142
2790 11660
2791 12109
2792 10883
2793 10295
2794 11021
2795 13748
2796 14804
2797 11865
2798 9772
2799 16274
2800 14184
2801 10099
2802 11358
2803 10292
2804 11039
2805 12920
2806 15423
2807 15686
2808 14537
2809 11855
2810 9700
2811 17753
2812 11142
2813 11074
2814 11404
2815 11194
2816 12418
2817 10644
2818 11302
2819 12080
2820 13644
2821 11318
2822 9840
2823 12232
2824 10402
2825 13191
2826 11997
2827 16029
2828 12176
2829 10696
2830 13813
2831 10492
2832 15588
2833 10485
2834 11066
2835 11814
2836 10420
2837 11586
2838 10286
2839 14797
2840 9239
2841 12287
2842 10118
2843 13107
2844 12675
2845 10030
2846 10075
2847 17307
2848 12995
2849 12992
2850 9387
2851 11399
2852 10319
2853 11642
2854 11365
2855 11831
2856 11539
2857 16428
2858 9524
2859 9878
2860 9568
2861 12741
2862 10821
2863 12079
2864 11450
2865 11268
2866 12304
2867 9839
2868 13502
2869 12897
2870 11739
2871 9091
2872 11860
2873 14909
2874 13230
2875 13992
2876 11009
2877 13521
2878 12930
2879 14368
2880 10454
2881 11932
2882 13510
2883 11772
2884 12167
2885 12858
2886 12836
2887 12235
2888 14000
2889 10425
2890 11934
2891 11225
2892 12530
2893 12364
2894 13279
2895 12397
2896 11751
2897 15000
2898 9451
2899 11523
2900 14204
2901 10749
2902 13787
2903 14686
2904 10920
2905 15040
2906 10755
2907 12728
2908 13572
2909 16980
2910 13569
2911 10728
2912 12305
2913 10390
2914 13760
2915 11971
2916 12536
2917 14348
2918 10664
2919 15505
2920 10579
2921 12916
2922 14720
2923 14465
2924 11384
2925 11439
2926 13215
2927 15963
2928 13359
2929 14010
2930 15442
2931 14056
2932 12623
2933 14218
2934 15394
2935 10590
2936 14772
2937 10526
2938 10852
2939 13071
2940 14992
2941 10299
2942 13213
2943 11058
2944 10018
2945 12309
2946 10910
2947 12777
2948 11140
2949 11142
2950 11272
2951 15255
2952 17847
2953 13141
2954 12056
2955 14125
2956 12333
2957 13972
2958 10991
2959 14125
2960 14028
2961 12037
2962 11301
2963 12010
2964 13625
2965 13240
2966 10449
2967 14543
2968 17897
2969 13612
2970 10549
2971 11063
2972 14476
2973 15210
2974 9962
2975 12745
2976 10393
2977 12018
2978 11037
2979 10294
2980 14562
2981 14532
2982 12859
2983 13033
2984 13178
2985 13470
2986 13869
2987 13244
2988 11802
2989 15889
2990 11938
2991 12777
2992 13707
2993 11468
2994 12187
2995 13169
2996 12196
2997 12973
2998 15469
2999 10545
3000 13358
3001 9624
3002 10897
3003 12241
3004 10729
3005 13226
3006 11826
3007 15531
3008 13741
3009 12046
3010 13755
3011 14961
3012 14094
3013 12249
3014 18488
3015 9757
3016 13726
3017 11189
3018 13180
3019 14529
3020 15794
3021 14013
3022 16218
3023 10500
3024 13415
3025 11172
3026 11975
3027 11983
3028 15029
3029 11506
3030 12218
3031 10774
3032 16322
3033 12800
3034 10355
3035 11474
3036 16262
3037 12791
3038 16560
3039 13087
3040 12661
3041 10526
3042 13885
3043 13419
3044 11418
3045 13811
3046 12352
3047 18567
3048 18150
3049 11349
3050 15316
3051 15075
3052 11989
3053 14415
3054 12963
3055 11341
3056 13923
3057 15206
3058 11776
3059 13520
3060 12383
3061 14646
3062 15347
3063 11554
3064 16524
3065 11707
3066 12601
3067 12200
3068 11262
3069 11185
3070 14772
3071 19903
3072 10408
3073 11609
3074 11279
3075 12173
3076 11411
3077 13697
3078 11039
3079 16442
3080 12037
3081 13309
3082 14525
3083 14502
3084 14099
3085 14246
3086 12665
3087 13199
3088 12702
3089 14432
3090 17974
3091 12232
3092 11897
3093 16182
3094 14952
3095 11233
3096 17186
3097 11861
3098 13904
3099 14732
3100 14678
3101 11779
3102 12303
3103 11592
3104 16967
3105 12336
3106 14912
3107 14054
3108 12550
3109 10745
3110 13663
3111 13706
3112 13363
3113 10630
3114 13964
3115 11904
3116 11580
3117 15212
3118 10502
3119 12519
3120 14324
3121 11027
3122 15264
3123 12128
3124 13047
3125 17530
3126 10959
3127 13351
3128 15385
3129 11246
3130 10343
3131 12431
3132 12217
3133 12051
3134 14454
3135 14786
3136 15437
3137 11776
3138 14355
3139 11046
3140 11727
3141 20100
3142 10873
3143 14473
3144 12626
3145 16549
3146 11423
3147 11532
3148 11496
3149 11896
3150 12381
3151 11775
3152 14760
3153 12982
3154 14686
3155 14080
3156 15043
3157 13777
3158 11579
3159 14833
3160 12376
3161 13061
3162 12153
3163 17646
3164 11691
3165 17667
3166 14579
3167 12039
3168 10955
3169 15473
3170 12613
3171 17088
3172 12488
3173 13024
3174 11482
3175 13386
3176 14728
3177 14133
3178 11113
3179 12954
3180 12266
3181 15294
3182 12050
3183 14955
3184 11529
3185 19739
3186 16587
3187 17040
3188 13019
3189 17381
3190 14359
3191 13410
3192 11758
3193 13833
3194 16865
3195 15267
3196 12562
3197 14137
3198 13897
3199 11871
3200 14705
3201 12253
3202 12019
3203 13512
3204 14726
3205 14962
3206 14838
3207 15991
3208 15903
3209 13282
3210 14425
3211 13800
3212 11208
3213 12885
3214 16456
3215 12382
3216 19738
3217 13211
3218 12306
3219 12586
3220 12085
3221 14331
3222 14558
3223 13786
3224 14109
3225 12176
3226 15054
3227 14469
3228 13134
3229 14482
3230 11926
3231 12375
3232 12357
3233 16074
3234 13618
3235 13764
3236 15705
3237 15655
3238 13224
3239 14605
3240 14380
3241 14833
3242 13065
3243 12560
3244 12253
3245 12005
3246 12650
3247 13092
3248 13333
3249 14201
3250 11721
3251 14292
3252 13689
3253 12956
3254 11164
3255 11822
3256 17830
3257 12188
3258 14395
3259 10791
3260 14782
3261 14758
3262 13980
3263 17251
3264 14280
3265 13173
3266 17566
3267 13837
3268 16014
3269 15686
3270 11912
3271 11365
3272 11552
3273 13436
3274 15640
3275 12909
3276 15941
3277 14353
3278 13447
3279 15598
3280 14978
3281 17702
3282 17490
3283 21484
3284 14395
3285 15932
3286 14815
3287 14618
3288 15580
3289 14235
3290 13530
3291 14449
3292 13518
3293 15431
3294 11916
3295 12862
3296 15113
3297 12420
3298 11528
3299 13376
3300 14924
3301 12359
3302 15547
3303 14520
3304 13252
3305 13724
3306 12945
3307 16560
3308 16357
3309 17204
3310 14709
3311 12213
3312 16125
3313 13299
3314 17882
3315 13535
3316 12081
3317 16900
3318 12293
3319 14486
3320 14085
3321 12557
3322 15548
3323 14929
3324 13046
3325 14153
3326 12416
3327 16416
3328 18167
3329 11887
3330 13632
3331 13747
3332 15080
3333 13590
3334 11588
3335 17336
3336 15557
3337 15156
3338 13911
3339 12830
3340 14169
3341 17509
3342 17853
3343 14420
3344 15515
3345 15782
3346 13600
3347 12508
3348 15616
3349 19816
3350 14791
3351 13169
3352 12317
3353 17370
3354 13258
3355 15395
3356 12873
3357 14841
3358 15285
3359 13382
3360 13823
3361 17910
3362 13916
3363 12181
3364 15206
3365 15746
3366 11635
3367 12473
3368 15873
3369 11257
3370 13929
3371 14120
3372 16763
3373 14113
3374 14621
3375 13062
3376 21340
3377 17850
3378 13388
3379 12465
3380 13138
3381 13606
3382 15082
3383 15500
3384 14662
3385 17281
3386 15264
3387 18839
3388 16517
3389 16097
3390 14014
3391 13447
3392 21251
3393 18156
3394 13135
3395 15033
3396 15632
3397 14387
3398 11516
3399 14812
3400 17664
3401 15660
3402 12001
3403 14317
3404 15096
3405 14678
3406 16061
3407 20829
3408 14603
3409 13721
3410 12310
3411 12424
3412 15766
3413 14314
3414 16076
3415 16682
3416 15257
3417 13533
3418 13501
3419 14805
3420 19706
3421 16683
3422 14988
3423 13116
3424 17243
3425 14173
3426 18877
3427 11841
3428 12027
3429 12303
3430 14157
3431 13537
3432 17027
3433 14505
3434 16406
3435 15272
3436 14131
3437 14876
3438 14040
3439 14847
3440 13114
3441 13995
3442 14370
3443 14725
3444 13140
3445 14742
3446 16108
3447 16405
3448 17526
3449 14194
3450 13591
3451 12804
3452 13702
3453 18398
3454 18074
3455 15298
3456 14246
3457 15188
3458 15449
3459 16593
3460 15186
3461 18841
3462 14600
3463 11803
3464 15496
3465 17817
3466 13410
3467 14592
3468 12502
3469 12344
3470 13650
3471 14472
3472 16962
3473 20331
3474 19344
3475 15929
3476 11515
3477 16071
3478 16130
3479 12567
3480 16085
3481 14865
3482 17294
3483 20001
3484 16397
3485 15631
3486 13947
3487 14987
3488 14013
3489 15206
3490 15925
3491 17270
3492 12346
3493 14644
3494 13662
3495 14649
3496 15960
3497 11984
3498 15602
3499 17847
3500 17615
3501 15549
3502 15821
3503 14784
3504 19012
3505 14699
3506 12177
3507 16609
3508 15795
3509 16827
3510 18487
3511 18208
3512 14974
3513 15948
3514 14080
3515 16945
3516 18966
3517 12468
3518 12518
3519 14766
3520 13337
3521 19052
3522 12991
3523 14004
3524 18158
3525 14137
3526 17174
3527 13928
3528 15927
3529 16608
3530 17861
3531 18131
3532 21182
3533 20166
3534 16564
3535 16898
3536 16288
3537 14101
3538 16652
3539 16717
3540 18482
3541 13954
3542 13972
3543 15046
3544 15445
3545 17309
3546 15723
3547 16735
3548 12202
3549 13220
3550 18095
3551 15823
3552 13757
3553 13968
3554 18155
3555 13072
3556 11615
3557 25434
3558 12409
3559 13974
3560 13024
3561 15519
3562 14905
3563 15640
3564 15854
3565 14595
3566 13759
3567 18266
3568 23340
3569 15796
3570 15814
3571 15103
3572 13543
3573 16651
3574 14866
3575 13755
3576 13082
3577 17038
3578 19464
3579 19876
3580 17166
3581 14995
3582 17257
3583 12739
3584 15383
3585 15233
3586 15783
3587 17166
3588 13537
3589 14461
3590 13273
3591 15385
3592 14975
3593 15559
3594 17594
3595 15412
3596 16317
3597 20057
3598 15342
3599 16056
3600 13917
3601 14889
3602 12595
3603 14051
3604 15476
3605 17829
3606 18234
3607 14024
3608 14809
3609 14627
3610 16287
3611 17001
3612 15962
3613 12521
3614 13651
3615 14068
3616 14776
3617 17845
3618 13151
3619 17146
3620 14950
3621 18340
3622 18572
3623 18083
3624 16735
3625 13843
3626 17353
3627 18423
3628 12340
3629 14316
3630 12559
3631 13740
3632 18110
3633 19300
3634 17710
3635 13340
3636 15200
3637 18218
3638 17699
3639 17252
3640 12870
3641 12853
3642 17814
3643 16838
3644 19307
3645 16177
3646 15522
3647 15995
3648 16787
3649 17115
3650 17098
3651 14330
3652 18447
3653 19098
3654 16783
3655 18777
3656 16004
3657 20688
3658 13861
3659 14767
3660 15909
3661 21435
3662 14874
3663 26310
3664 14237
3665 19066
3666 17663
3667 13669
3668 17173
3669 16536
3670 17280
3671 20787
3672 16854
3673 14672
3674 14327
3675 15767
3676 14595
3677 19319
3678 16221
3679 16935
3680 14448
3681 13922
3682 16033
3683 13526
3684 12383
3685 13516
3686 13796
3687 17402
3688 16714
3689 16442
3690 13529
3691 13005
3692 16154
3693 15186
3694 13994
3695 13129
3696 18692
3697 16746
3698 18089
3699 18229
3700 16621
3701 17944
3702 13530
3703 12244
3704 12434
3705 16723
3706 20107
3707 15305
3708 16884
3709 14305
3710 17948
3711 16255
3712 14970
3713 17716
3714 18051
3715 21217
3716 15929
3717 14781
3718 16320
3719 23467
3720 21025
3721 17025
3722 14980
3723 14606
3724 19181
3725 17116
3726 16244
3727 14907
3728 14657
3729 19347
3730 12761
3731 13361
3732 18229
3733 17379
3734 15086
3735 13951
3736 12644
3737 17208
3738 18368
3739 15278
3740 15390
3741 14170
3742 15039
3743 18184
3744 17302
3745 16131
3746 18523
3747 14002
3748 16631
3749 18049
3750 14624
3751 14304
3752 16750
3753 14069
3754 14693
3755 17086
3756 14073
3757 16301
3758 15392
3759 17348
3760 18166
3761 20981
3762 20103
3763 15611
3764 16945
3765 15489
3766 18399
3767 17746
3768 16929
3769 14867
3770 15487
3771 20881
3772 18257
3773 20834
3774 18302
3775 16462
3776 16136
3777 14847
3778 18424
3779 15500
3780 18075
3781 13425
3782 15477
3783 13905
3784 15325
3785 19589
3786 18205
3787 14596
3788 15272
3789 18646
3790 18160
3791 16302
3792 16065
3793 15659
3794 15700
3795 18761
3796 19924
3797 15827
3798 17394
3799 15580
3800 16284
3801 20904
3802 16418
3803 16493
3804 13928
3805 14497
3806 17670
3807 13845
3808 16385
3809 19455
3810 14108
3811 17437
3812 16893
3813 20548
3814 15414
3815 17888
3816 16773
3817 18749
3818 13401
3819 13474
3820 16185
3821 15622
3822 17765
3823 17708
3824 14267
3825 14890
3826 21239
3827 16829
3828 18953
3829 14896
3830 16024
3831 16169
3832 17847
3833 18261
3834 16447
3835 15784
3836 14703
3837 22308
3838 22541
3839 15083
3840 15430
3841 15212
3842 19744
3843 15584
3844 16365
3845 18366
3846 17339
3847 15897
3848 22374
3849 18537
3850 15118
3851 15306
3852 14931
3853 14042
3854 18793
3855 14619
3856 18409
3857 15883
3858 15169
3859 15572
3860 16361
3861 18629
3862 17423
3863 18422
3864 15745
3865 18968
3866 15202
3867 15065
3868 16135
3869 18711
3870 20549
3871 18383
3872 14293
3873 17515
3874 20995
3875 18904
3876 18415
3877 16781
3878 18971
3879 14891
3880 18672
3881 18335
3882 18913
3883 15801
3884 15457
3885 17258
3886 25938
3887 16937
3888 18223
3889 17095
3890 16464
3891 18743
3892 14684
3893 16010
3894 18556
3895 13771
3896 18427
3897 17995
3898 16351
3899 16378
3900 14564
3901 15193
3902 19488
3903 19460
3904 14339
3905 15480
3906 17481
3907 25141
3908 20052
3909 21162
3910 17818
3911 15280
3912 16629
3913 18376
3914 17739
3915 15076
3916 17803
3917 16506
3918 14983
3919 14596
3920 19218
3921 20733
3922 15953
3923 16519
3924 16518
3925 20961
3926 15983
3927 18772
3928 17201
3929 15002
3930 18951
3931 17534
3932 16626
3933 14586
3934 20424
3935 22822
3936 18747
3937 13935
3938 19289
3939 16432
3940 16227
3941 15592
3942 17262
3943 19608
3944 20024
3945 13375
3946 14469
3947 22730
3948 14104
3949 17465
3950 23864
3951 16198
3952 15139
3953 19689
3954 14288
3955 18596
3956 14215
3957 21248
3958 14982
3959 17986
3960 17751
3961 17845
3962 16450
3963 20802
3964 13150
3965 20817
3966 16845
3967 22084
3968 20120
3969 16060
3970 18501
3971 16994
3972 15786
3973 18361
3974 17842
3975 17074
3976 15830
3977 16016
3978 19463
3979 16955
3980 16038
3981 15648
3982 20549
3983 15407
3984 19074
3985 16778
3986 16545
3987 20030
3988 21528
3989 15106
3990 20751
3991 14590
3992 16301
3993 14488
3994 19237
3995 17239
3996 18193
3997 17694
3998 16153
3999 20726
4000 16844
4001 17181
4002 25935
4003 13984
4004 20008
4005 18877
4006 19150
4007 18415
4008 21713
4009 20152
4010 15208
4011 18580
4012 18735
4013 19935
4014 18063
4015 20308
4016 15215
4017 18303
4018 19712
4019 15544
4020 16440
4021 17071
4022 19086
4023 22389
4024 16693
4025 14846
4026 15176
4027 14623
4028 17626
4029 16992
4030 15410
4031 18167
4032 20503
4033 15219
4034 21788
4035 17414
4036 20964
4037 17115
4038 16226
4039 19988
4040 15116
4041 14778
4042 18717
4043 15714
4044 14814
4045 16341
4046 18171
4047 18179
4048 17799
4049 19600
4050 16281
4051 14141
4052 21199
4053 20540
4054 23061
4055 18696
4056 20070
4057 17344
4058 19018
4059 15704
4060 18879
4061 22220
4062 13465
4063 17019
4064 16839
4065 21782
4066 19211
4067 14959
4068 16868
4069 16537
4070 19997
4071 17125
4072 20571
4073 22889
4074 20513
4075 16474
4076 19248
4077 20389
4078 20030
4079 21722
4080 19090
4081 15838
4082 14963
4083 19848
4084 18266
4085 14440
4086 17837
4087 17093
4088 19327
4089 17284
4090 15854
4091 15212
4092 19831
4093 19540
4094 16107
4095 18057
4096 15965
4097 17663
4098 18402
4099 16198
4100 18134
4101 17036
4102 19107
4103 17871
4104 19008
4105 19756
4106 18135
4107 17334
4108 19231
4109 20253
4110 25326
4111 14715
4112 15630
4113 15737
4114 24231
4115 18950
4116 15879
4117 13929
4118 24112
4119 17393
4120 20146
4121 16941
4122 21900
4123 17058
4124 16838
4125 19568
4126 22292
4127 15253
4128 14852
4129 18001
4130 16232
4131 22338
4132 16896
4133 20019
4134 19697
4135 17575
4136 15165
4137 14789
4138 18025
4139 19374
4140 16553
4141 16158
4142 18196
4143 19817
4144 18285
4145 20198
4146 14893
4147 16943
4148 19543
4149 18879
4150 19394
4151 20272
4152 23195
4153 15346
4154 18946
4155 17024
4156 17533
4157 14775
4158 16713
4159 18975
4160 16912
4161 17074
4162 17134
4163 15352
4164 18413
4165 18199
4166 18854
4167 18870
4168 17529
4169 17345
4170 16996
4171 17335
4172 17507
4173 22720
4174 18197
4175 16972
4176 19144
4177 18056
4178 19864
4179 18918
4180 18856
4181 21738
4182 17244
4183 26258
4184 15324
4185 19836
4186 36637
4187 20006
4188 15036
4189 22588
4190 17103
4191 18471
4192 22876
4193 20212
4194 20152
4195 20342
4196 18270
4197 18280
4198 17383
4199 20804
4200 16130
4201 17370
4202 19182
4203 15913
4204 22096
4205 19558
4206 21549
4207 20573
4208 15845
4209 14377
4210 19582
4211 19529
4212 15190
4213 14469
4214 16869
4215 13597
4216 21594
4217 18640
4218 18068
4219 18070
4220 18701
4221 16183
4222 21445
4223 19314
4224 21528
4225 15367
4226 16181
4227 17158
4228 19528
4229 19491
4230 27641
4231 16002
4232 19858
4233 23255
4234 22161
4235 14570
4236 22791
4237 19065
4238 23163
4239 27049
4240 17236
4241 15619
4242 16018
4243 18094
4244 17452
4245 16419
4246 17935
4247 17065
4248 23854
4249 18563
4250 17210
4251 17916
4252 23978
4253 20958
4254 16805
4255 17506
4256 16724
4257 19940
4258 18533
4259 18375
4260 17491
4261 16525
4262 19371
4263 16940
4264 15570
4265 19373
4266 22504
4267 21492
4268 19399
4269 27992
4270 17657
4271 18598
4272 20201
4273 17344
4274 15923
4275 18227
4276 18869
4277 21329
4278 19467
4279 17466
4280 17214
4281 17259
4282 18252
4283 15968
4284 16314
4285 17631
4286 16853
4287 16230
4288 22012
4289 19807
4290 18404
4291 14864
4292 14851
4293 16538
4294 16141
4295 16282
4296 22525
4297 16486
4298 18966
4299 23295
4300 19726
4301 16779
4302 18489
4303 25627
4304 16395
4305 20274
4306 20257
4307 15779
4308 24020
4309 18053
4310 20903
4311 17416
4312 19773
4313 18131
4314 18091
4315 21233
4316 16135
4317 22734
4318 19985
4319 19134
4320 19634
4321 17914
4322 18306
4323 16942
4324 17841
4325 15737
4326 15746
4327 18776
4328 16490
4329 19058
4330 17066
4331 24082
4332 18818
4333 17132
4334 21355
4335 17097
4336 20234
4337 18724
4338 19987
4339 16593
4340 20261
4341 17281
4342 17506
4343 23633
4344 25218
4345 23345
4346 18345
4347 19446
4348 21085
4349 18019
4350 16927
4351 24822
4352 18137
4353 16247
4354 16959
4355 17123
4356 23316
4357 18535
4358 17115
4359 30766
4360 20243
4361 16142
4362 17501
4363 21487
4364 19057
4365 18856
4366 19216
4367 17263
4368 26567
4369 19687
4370 21430
4371 18879
4372 18111
4373 21314
4374 21650
4375 16742
4376 17682
4377 20178
4378 15996
4379 17786
4380 16601
4381 19209
4382 26732
4383 19249
4384 20326
4385 16119
4386 18776
4387 17292
4388 24273
4389 17305
4390 19653
4391 17689
4392 18458
4393 19162
4394 23919
4395 16783
4396 18129
4397 24313
4398 20839
4399 16213
4400 18894
4401 26938
4402 20774
4403 21289
4404 26347
4405 19249
4406 21370
4407 18701
4408 16674
4409 15990
4410 21215
4411 16872
4412 21727
4413 21013
4414 15616
4415 16332
4416 22617
4417 17825
4418 21625
4419 19070
4420 20296
4421 22878
4422 18432
4423 16773
4424 22344
4425 17618
4426 15788
4427 19315
4428 17489
4429 19797
4430 19027
4431 20025
4432 21937
4433 21061
4434 19546
4435 19901
4436 19242
4437 15437
4438 17018
4439 19192
4440 19195
4441 17828
4442 21867
4443 17786
4444 22634
4445 17469
4446 18321
4447 22031
4448 19271
4449 28834
4450 20941
4451 22223
4452 19655
4453 18421
4454 17662
4455 19057
4456 18995
4457 20308
4458 26190
4459 15603
4460 21718
4461 17905
4462 17387
4463 18182
4464 19775
4465 18009
4466 16278
4467 25613
4468 21885
4469 20020
4470 22277
4471 16042
4472 19110
4473 20754
4474 18502
4475 19764
4476 17270
4477 18736
4478 16002
4479 19639
4480 18928
4481 15983
4482 21867
4483 24849
4484 17999
4485 17467
4486 19222
4487 26218
4488 21394
4489 18731
4490 16385
4491 18282
4492 28168
4493 20889
4494 33506
4495 20412
4496 19298
4497 19825
4498 17023
4499 23004
4500 17922
4501 17592
4502 17287
4503 23796
4504 19240
4505 18993
4506 18690
4507 19869
4508 23997
4509 18567
4510 20695
4511 20244
4512 21228
4513 21990
4514 19820
4515 22700
4516 20887
4517 24348
4518 22058
4519 18216
4520 17951
4521 21347
4522 19248
4523 18895
4524 21934
4525 15918
4526 20495
4527 22478
4528 20597
4529 20578
4530 20998
4531 18486
4532 18912
4533 19392
4534 22343
4535 21426
4536 18912
4537 21267
4538 25205
4539 21502
4540 19301
4541 19742
4542 19165
4543 20304
4544 18662
4545 19306
4546 24558
4547 23015
4548 22137
4549 20291
4550 30431
4551 15548
4552 20642
4553 26085
4554 21460
4555 29583
4556 22500
4557 20865
4558 19329
4559 26077
4560 18997
4561 23913
4562 18087
4563 15330
4564 25240
4565 21701
4566 24092
4567 22620
4568 19838
4569 18706
4570 17147
4571 24396
4572 20026
4573 18539
4574 16074
4575 18780
4576 17132
4577 22266
4578 19494
4579 17664
4580 22682
4581 17235
4582 18349
4583 22045
4584 19102
4585 19293
4586 20011
4587 24140
4588 22635
4589 20019
4590 21748
4591 24677
4592 17462
4593 21400
4594 24615
4595 19492
4596 24216
4597 25317
4598 28427
4599 23233
4600 21073
4601 17703
4602 28621
4603 20615
4604 23911
4605 20130
4606 20084
4607 21401
4608 33331
4609 19135
4610 23411
4611 18914
4612 32438
4613 19529
4614 21236
4615 24444
4616 21939
4617 20763
4618 18064
4619 18203
4620 22744
4621 23757
4622 19820
4623 22600
4624 23967
4625 21481
4626 21051
4627 19422
4628 27343
4629 28100
4630 21747
4631 20495
4632 17504
4633 17305
4634 18570
4635 20747
4636 17573
4637 19675
4638 27067
4639 18880
4640 23057
4641 18446
4642 20835
4643 20313
4644 17074
4645 16324
4646 21085
4647 19280
4648 20948
4649 20644
4650 21222
4651 21285
4652 23594
4653 19929
4654 19581
4655 22009
4656 21432
4657 21116
4658 22142
4659 18805
4660 31919
4661 19578
4662 20311
4663 23804
4664 24437
4665 23623
4666 19056
4667 20130
4668 22641
4669 18985
4670 21204
4671 24617
4672 21042
4673 19171
4674 20503
4675 20755
4676 18246
4677 22925
4678 22865
4679 17221
4680 20238
4681 21586
4682 25761
4683 22051
4684 19248
4685 23160
4686 19598
4687 19816
4688 26876
4689 21096
4690 22655
4691 20858
4692 25439
4693 19081
4694 18502
4695 21727
4696 22077
4697 19355
4698 21071
4699 18668
4700 21930
4701 22377
4702 22173
4703 20561
4704 23939
4705 23805
4706 19801
4707 20509
4708 24989
4709 20087
4710 23290
4711 18915
4712 20621
4713 17912
4714 20329
4715 20047
4716 16551
4717 20318
4718 21134
4719 22390
4720 20210
4721 26600
4722 23152
4723 26260
4724 18345
4725 20826
4726 18889
4727 16495
4728 19630
4729 30077
4730 23520
4731 22013
4732 21757
4733 23085
4734 22310
4735 20985
4736 19035
4737 18812
4738 22208
4739 24550
4740 19394
4741 21003
4742 22863
4743 18720
4744 23734
4745 19425
4746 19861
4747 19086
4748 25484
4749 19239
4750 24915
4751 21641
4752 17094
4753 19916
4754 18344
4755 21119
4756 20376
4757 24469
4758 23766
4759 20535
4760 20911
4761 20893
4762 21641
4763 16257
4764 23847
4765 20437
4766 22163
4767 19898
4768 22388
4769 22097
4770 17974
4771 23790
4772 17055
4773 30514
4774 19841
4775 23595
4776 18651
4777 21769
4778 16714
4779 20566
4780 18035
4781 26060
4782 19833
4783 19732
4784 25928
4785 23679
4786 20861
4787 22353
4788 19552
4789 21024
4790 17603
4791 26539
4792 22570
4793 20022
4794 18341
4795 25538
4796 20069
4797 18260
4798 20642
4799 23058
4800 18734
4801 29671
4802 19777
4803 25134
4804 20464
4805 19883
4806 23403
4807 22643
4808 17360
4809 19652
4810 22288
4811 18488
4812 21065
4813 17744
4814 17975
4815 21166
4816 22800
4817 20367
4818 21647
4819 24308
4820 22333
4821 19363
4822 18479
4823 22689
4824 